78492
672671
120365
63787
283574
561974
318697
777130
413670
286947
633637
432596
263114
323323
855292
969392
46853
797269
141463
468297
753598
159680
459739
436186
983951
405868
875528
789916
658872
658196
306315
116821
23296
43503
697946
686848
879429
553236
316157
257933
696321
979339
473831
147600
530742
502709
830567
71400
19765
551845
199102
591877
96998
49029
93697
375360
209256
999275
331616
618426
63370
239358
868654
328624
166665
788079
413540
643372
270271
945934
488855
931533
406519
547884
823122
162315
42412
949041
265629
123225
521099
740786
362785
33890
512042
192319
793475
26483
392105
144797
488737
484158
887088
840752
598388
14237
657478
946519
675179
541746
746950
208997
256171
578417
892465
209931
158635
71346
653162
901348
915384
95248
598420
619924
513318
863101
602299
536664
84192
520881
803283
504273
691913
247364
784671
151222
399893
240363
516905
511629
9737
962576
617264
158234
613206
939893
593117
502304
72233
914123
270688
123707
700716
10901
499259
607677
881798
813613
669905
222385
238761
922822
185543
864354
463209
49395
369047
526581
352509
542622
837461
886337
209237
210181
331654
620043
291827
733614
457521
487799
37984
681289
57705
557231
653693
988671
358134
266402
445693
342237
323
806490
686681
657286
860648
477909
800394
332584
879105
224022
607639
538435
902068
341327
649839
41978
223544
804276
652804
601441
650209
890160
479027
589562
601817
347284
687173
908600
843216
416316
560136
863070
56384
538006
42932
685917
886808
626224
968486
704910
973049
645752
438838
997503
956868
720009
811367
368421
691555
708649
915461
915822
994978
546088
457281
889629
271488
162974
601340
841968
835245
230914
423473
223717
885904
98057
433356
250965
136373
289623
915514
271773
527151
524296
429419
523563
421702
562001
268069
32015
411233
953200
603650
127135
354739
664775
972522
244885
903841
884579
430381
205875
769372
526829
258010
31637
332251
225320
278169
768815
613476
520423
572251
848963
650795
606061
290860
449279
375149
782848
968092
934806
630701
249864
824471
487396
759323
105534
647403
410403
590780
517429
632976
397015
341338
483986
305474
532207
515949
445871
668156
113282
425617
436039
704523
478835
547974
444118
735047
56794
801989
605236
123175
928508
336604
631380
830263
545240
22817
503917
900771
814617
863340
685587
859292
784571
421835
267785
388671
298520
835093
610248
34417
684354
749376
607163
721109
119387
88588
559732
382357
699030
801716
302323
684352
257625
209701
658765
802089
258406
824743
923934
965267
577468
525649
864320
57583
714013
117449
537731
728333
517959
321374
947884
621304
361572
347503
714708
28616
403131
131609
603301
996464
550763
587460
155732
791786
49272
563601
980145
660392
427862
357317
353537
24571
949509
444000
413982
397696
152641
841492
333575
187776
403285
419635
247247
603644
439298
732464
437638
134937
633537
668446
537168
933878
920869
800596
47615
481320
437353
268608
962752
675398
888864
152299
269310
323486
425956
342123
776029
738339
298143
155644
489568
35260
312489
774854
463598
746774
146421
714498
509697
808057
334695
857463
307341
995883
990689
471588
911813
884677
237424
998079
952704
224638
111978
157039
623382
969475
984808
96476
477069
91067
288484
607838
875480
302342
943252
851522
159880
693005
666190
391103
466681
616028
618229
779285
51187
73103
719020
274137
779232
203205
907624
309293
3795
175489
487800
676564
932018
388609
361112
729298
731110
210074
465275
939885
547409
338127
24407
499587
931577
415886
15885
106794
820770
263452
583383
353571
838172
94647
675305
710433
102031
739163
340077
3754
876720
918262
357294
578241
384495
775982
530790
835842
19969
452688
876610
740234
42278
255840
853369
444976
577461
596208
43365
845664
834256
367226
468667
66295
878492
636259
208877
80693
898170
203762
7575
511152
832627
123933
445654
344480
351382
996379
437522
945055
684334
5355
620330
415071
247717
88541
327073
377391
653183
276989
585080
787175
544166
766767
408266
911663
837384
937054
349748
723634
205247
59100
335454
429633
329856
810209
886372
36801
257311
876575
323686
792937
722582
856673
760107
869621
328243
90602
298248
293185
594448
836059
466163
516562
360153
730537
225872
382108
543844
518945
442478
279569
442024
882737
760072
982206
446338
684382
662310
577761
458707
504650
468295
220695
717232
181994
554912
925339
262990
920444
271893
602083
507306
461941
219936
220479
156825
316101
778496
288358
769000
989246
155129
930582
68293
493205
538335
975329
990247
114010
765235
106699
107155
615921
163559
391919
361176
413949
209574
532073
573569
852714
120547
109349
611300
651910
714690
514875
670638
591387
730550
244215
595203
803455
346966
165910
845068
678755
655547
288897
895901
112289
881757
759101
949883
796222
11772
804133
61768
210843
598675
845899
16857
79379
683401
786100
743041
734747
539262
160184
679193
240856
968202
330587
882173
926014
682569
408075
814540
819009
763552
83185
908214
831308
589581
638438
635627
301408
947512
449955
426321
740403
623440
375108
361319
287670
941167
625487
543279
631735
178796
701051
427837
786685
420941
549276
848060
16298
360697
732394
518595
323146
481157
167181
95940
316239
189854
622893
269773
103815
2177
770394
800242
434438
300914
900957
902057
751471
324351
511436
697316
203330
903146
515236
824715
40059
776424
476784
193180
130395
589242
458957
655379
961767
283574
683959
782115
117865
278605
364043
489883
423581
353872
351334
379063
800331
450678
454895
875853
703271
66246
311624
140033
604723
95654
458981
613685
674597
940363
79283
891518
621570
821694
642800
932232
306939
159555
265578
156660
720752
644269
562761
644918
850284
16764
37819
990077
868024
55019
85778
415707
748498
278861
16729
180687
776622
596833
402333
953194
721585
573653
720708
233066
600401
737083
89099
89474
641290
513650
656950
545194
673270
390493
796274
931897
803977
712478
41044
181455
4860
380146
190893
140480
794668
425587
182726
977524
726246
317414
90511
872653
205520
508827
98126
733021
955933
154615
800801
670634
366544
771682
216932
816517
760174
854038
339232
189166
159935
761683
964880
663247
388995
49507
505337
369577
777544
358460
351822
111738
94323
464621
319232
763291
363448
329292
754354
370649
987188
995800
989563
751855
677084
34781
235314
652637
695734
155310
71902
915315
932717
622895
522821
7539
229606
688559
385920
960940
661959
135062
684951
514580
908417
691394
319741
150881
230179
398378
266689
264208
384263
150068
981436
44692
524954
727668
858744
275288
595575
917414
408193
347253
242960
269555
718127
92038
67659
356382
917509
785083
137744
715529
24332
87063
112023
710778
6144
175123
576540
14631
145392
937175
808977
709220
62631
689170
213343
929323
508660
423448
720786
853541
194022
542299
20237
376375
776859
38572
238126
244222
396413
28086
266095
959072
172600
450103
893225
491526
450947
556506
667571
207212
246319
811455
570584
852564
691028
13039
449951
272731
461909
727393
95898
929987
61938
793494
349354
181048
283748
352664
707927
184798
910309
458502
906754
224201
305960
541451
575599
209259
912555
673730
102982
691919
997100
202154
316059
251782
121925
781119
736456
404686
493168
513
976953
871277
445132
578943
277100
74192
560638
943258
438264
672296
637550
762884
670992
245484
318597
934226
759022
524567
674987
437733
73490
919924
65901
451233
275060
181727
464067
41059
587050
651651
266451
527055
98412
579725
77608
71176
311174
217739
212428
851555
900165
217430
346829
472168
822669
139781
34832
965724
476676
844487
868964
312396
295589
670988
144871
170053
181156
184305
799103
474707
179036
209523
655461
26614
189274
980801
862669
432581
345924
433987
16521
196151
537420
827152
956746
986771
799521
155503
943965
546144
335854
652228
383335
761860
684584
163623
609799
913085
701571
46429
905743
211632
866252
524514
685720
387549
390196
352523
200576
32036
85602
780581
960738
372623
445673
787950
117581
132480
637776
147390
456461
265726
566445
46453
270324
497299
657845
303059
489928
136508
897887
474040
971814
915131
907225
86651
440407
600547
425803
705563
676816
627081
936690
526636
353787
552671
228591
77952
451380
265896
168317
254572
663843
458886
653477
294354
800625
354127
570883
748046
467251
283560
864193
749805
850396
289870
349422
858216
577474
232042
3803
400114
422873
167353
154334
274363
151010
779219
502937
663118
869039
235538
513219
986494
189655
485077
57189
334694
769165
724245
161499
316826
903779
910007
608948
548847
907891
499630
803137
511848
845816
104703
591962
372698
863492
255599
12844
73737
43112
799429
14701
192921
633042
779390
507562
380338
667425
600983
423216
22847
651928
727615
978080
997605
200330
711324
959082
532134
201121
835924
33675
182108
840415
325954
967790
833485
428505
59045
796009
568525
243658
705199
91303
940134
653852
383281
208797
874671
227694
15166
815943
576011
826082
990106
985748
588948
230559
610765
863969
11165
620482
704247
914047
537976
859611
886666
256449
344990
167911
482562
413497
983935
588163
473025
730359
866686
904934
135668
405741
258646
321483
720786
244476
658116
614328
718307
47329
232141
619528
971344
952798
183602
173590
883025
867079
836796
308020
472384
108970
490072
78631
630493
927821
642636
749176
776309
471301
312684
269784
359229
156908
372114
197329
573152
769625
534246
602088
807036
83675
730303
146106
417926
884037
856047
968136
200601
81313
709592
438056
730378
53529
854751
991932
589214
176003
828454
144506
870736
357968
858502
543016
797857
803040
502173
954739
305916
871010
741144
872783
644817
316196
155268
894466
965806
409789
548363
547864
140651
598159
920993
297660
26443
567214
45632
835663
785866
827389
438112
455945
820235
366843
820461
665044
898258
214934
381498
58084
183672
17033
111417
472477
351392
830126
121603
249005
286364
679650
361404
548482
310539
113097
693350
748447
790165
503285
597021
110851
989983
694972
165062
933725
504774
849721
737521
853011
131721
991467
732563
205235
931443
975604
97124
968445
581159
271946
638403
880606
635614
199953
610794
830472
322846
542011
588462
151146
489360
383093
675375
151885
97004
565464
467273
554122
16008
862022
997366
629263
142384
556646
741119
719564
38848
997409
291652
245336
773100
73002
980852
376195
894240
81844
22986
414330
157148
94410
935739
280665
987266
313811
98365
252357
177063
221292
878119
677056
952083
634566
972323
785343
733514
487293
658361
89457
327111
730597
461322
422939
346479
336455
391147
573134
848398
451142
488878
153703
424548
62878
301172
834833
242430
397126
559239
612903
70247
738048
442246
701057
225991
979365
91873
525686
318930
152367
664429
100984
583677
296827
47111
807953
543030
638865
561329
897243
92291
845797
711958
670784
370659
903847
146179
419729
975485
128383
644189
346517
293777
500887
591470
167664
711245
681000
511289
595262
767743
819808
798025
959028
781777
253153
143787
385540
35875
97953
641511
812256
963427
788041
83914
638795
106613
541245
519466
199094
515864
931155
911834
347228
960000
678440
662263
697777
652267
275373
338898
357535
622696
770206
377319
438100
221543
176921
220877
200487
470279
870033
22063
871233
270467
899367
844812
525481
2654
237915
672692
439096
169248
453366
369053
313674
804702
958238
386559
858403
361588
104771
874633
788202
126492
956943
627406
783172
219046
114267
232649
289119
982347
544838
496338
792766
323976
934410
481746
283447
382996
370557
345676
831359
197622
429093
462522
598208
277991
676029
666099
830639
76373
102666
475188
451615
177170
299959
440403
572796
397601
496608
791623
535927
189878
711839
857182
91550
804767
904029
924076
571023
255627
89006
940820
894618
564300
796421
906329
385823
860279
488996
667877
748438
524464
336811
817628
800476
895890
10909
77449
336713
682110
589811
421917
639980
375666
219233
48587
820153
612418
817175
995354
141744
679215
549596
350482
804847
360455
78904
718270
768585
887382
122015
129649
754691
442350
942723
789644
365492
482479
902655
913644
563659
729744
795221
640698
390973
994445
763775
972284
489274
364515
479093
10092
72257
271866
48827
245995
435717
809464
100665
888447
819874
722213
321683
153703
693125
741445
406623
636919
988799
896581
683033
33257
145278
433023
39305
655440
39665
101382
625324
39013
746847
248454
391896
650502
389243
288903
429883
284582
169422
937201
230929
492969
799303
855436
891206
142473
321854
218238
66254
443905
484888
979660
959895
935218
413790
459344
5739
930395
371419
613347
356377
188435
245251
612680
431611
201249
852787
39418
490932
802541
642095
137776
480009
197781
30498
844098
222458
135263
769227
589256
649639
595561
934889
787442
161892
290726
930979
254751
685946
17505
317570
406924
951866
77871
427685
234576
814802
130296
479529
845569
335429
35015
822761
852029
14545
943169
649811
241923
306875
83872
481718
299492
484564
561698
536662
593067
676812
67901
388636
629573
145901
950100
754905
807062
652807
577160
580005
974703
637677
281048
962697
580444
350268
645240
770643
107811
550203
773580
254573
513568
503568
809649
90857
641600
822438
851710
739232
492659
881754
556007
778577
472817
545256
742136
159332
922280
917535
164188
432011
335095
519284
188440
506175
948719
734754
349267
50485
853372
854113
151080
399945
517357
953457
513105
274056
824672
668555
518683
357806
138534
755278
831529
346016
655389
155093
705557
496323
863881
564514
366127
26201
650339
577110
397713
800400
196849
580772
626364
852380
982439
956921
969660
186560
283006
17873
856565
853836
174207
785435
116698
196631
375296
858407
437635
213741
367033
421579
432308
399817
701344
603930
877182
361194
558775
384876
387225
255881
220751
939514
524846
483404
976061
416883
427724
772463
877413
972474
180212
749748
299905
619090
152662
147431
405311
438482
902407
176963
112879
439636
808378
768126
563908
584692
737034
429464
573230
808379
193108
541578
223221
946491
601277
554772
856304
147582
612930
783549
807071
614437
483434
459457
656862
358535
769261
613092
894925
192581
310612
524754
432060
277652
25676
251507
334202
488265
867012
944470
212013
806870
996550
26084
605419
877218
705119
795224
460212
151987
984350
545944
325230
501263
681252
846195
639174
519861
78882
114725
12559
648363
288642
311896
734858
274905
810769
794021
986472
783228
684613
209091
562148
604675
185433
728315
4950
65205
373388
577716
153547
426151
575505
890707
215540
342339
2023
34441
974753
727619
584209
127071
853672
994486
396782
961918
956069
133388
263210
544005
907025
324777
992618
722697
876391
950824
623462
460289
596039
389116
797811
380149
80112
95373
550449
41092
260060
98153
821610
512337
515268
860270
469100
778289
368286
870184
842234
846338
154891
780034
88619
171703
531999
636688
855000
382279
436884
64283
388100
309682
656350
480072
143771
73482
413945
736412
445829
821207
860287
252027
564402
922444
50936
89790
833170
347409
905973
802685
536999
650708
746939
148884
87658
474197
881688
681600
713169
564247
752357
413466
920561
422972
850331
796894
519337
914141
791390
623898
481961
950580
584484
275343
730856
82804
425056
200217
418917
173879
51902
249257
625299
677045
11727
172849
385187
912204
437468
503054
491409
759664
86910
114527
912228
459813
988250
595117
859143
592553
550948
589528
673685
168722
61016
462111
399822
496221
166868
439112
101957
378803
763690
507574
431297
444949
834342
328535
996453
941182
419656
343575
585351
114836
993312
154369
753375
263427
275440
79676
317175
836025
930082
228667
613152
969828
32448
571267
778798
997808
443738
931166
584915
871861
29390
195751
473521
180136
728248
165285
612889
127049
800045
146915
821294
460240
881692
109407
375718
683928
680083
331777
521487
147866
55420
630715
122211
403893
473539
492734
186310
54308
715903
865940
984758
690964
268269
701795
884705
129151
395771
535979
940395
59961
316574
534048
683047
134612
918536
237580
396833
801544
626980
369730
388838
852148
634855
174102
102261
196075
134257
615931
781611
227737
334005
810854
897633
869118
603947
418065
350851
115132
999461
671597
801884
276265
126481
616514
230195
8871
769187
751845
273732
872601
754522
401616
507986
323399
679246
564555
131932
364208
234044
544589
66386
858123
409662
277152
477092
347255
315516
898169
712611
511714
112124
740485
303299
513048
171815
475347
91964
772900
831107
957157
945962
667315
759649
56091
314372
471041
398531
784772
379443
106583
113864
351871
35473
555245
162674
466855
253822
806383
256092
358443
84347
750971
977250
115228
430370
619006
852967
853163
848820
785869
787391
615836
35527
108196
93184
552296
607310
153223
452106
625081
121988
928627
731277
222020
601677
813779
327780
768136
492105
28129
611134
569853
65928
870665
658539
67527
617450
865071
508703
152247
298705
160468
662082
881249
834505
727042
992560
895968
919858
130113
658852
656323
534783
443080
143048
669576
182315
506680
666418
245562
473778
605224
213065
717370
29413
386263
641329
982574
152972
723407
719539
432164
21314
516847
581113
199848
777010
140588
941388
507103
318510
306355
358647
336185
349536
203121
779706
201274
230934
533097
963261
971828
680901
151861
727395
530613
239042
153588
955693
618273
130351
639631
615668
882715
195359
509141
988747
216684
268794
709684
183406
839073
491618
573985
365012
425840
8039
177431
192125
671386
965596
125631
552534
21395
14670
888009
994828
597011
781926
629267
887499
405294
262851
469905
299581
552108
547963
354102
973125
281510
936479
69014
818934
238420
784049
117991
233928
210776
672514
134983
697146
92818
328063
140711
825641
404015
258195
619095
938002
32705
361783
790194
764821
323262
822451
611707
4527
386599
353381
654180
927242
734760
741360
364224
979463
31885
572043
475009
895451
851535
263998
299456
906493
901244
748417
923814
721371
516842
411997
212781
753729
505438
589132
161262
686895
575226
315468
607273
753990
146950
992986
28342
222006
301466
142375
48996
977802
784064
468881
254514
335854
398940
837012
965202
850207
398388
648351
735252
463926
722936
655356
517541
594875
815769
323237
678538
764591
358893
464331
499144
293297
847244
709834
761197
857791
931867
761528
613417
613271
762685
19800
106040
37706
21667
111049
851948
759186
52222
139967
31585
834007
839345
275029
155332
455449
846077
679701
874678
507146
493825
500055
414420
998037
912394
451537
983588
102463
151579
2038
453405
289371
228736
827159
133109
60205
532594
435526
450715
259565
229359
853863
553139
362728
747117
369996
7994
108372
479122
185742
290957
456945
391139
213723
86560
564403
141660
315712
714922
380453
281202
937382
464903
554392
291881
564860
767461
840044
874974
828076
441739
5041
154559
555133
753073
489572
706790
107290
959280
157788
397436
417578
912186
723130
663650
423048
443781
948790
742311
853180
87091
501610
171987
546004
798219
600981
71539
633095
879641
719074
820839
814285
90757
960157
951611
415510
949410
825514
628059
396795
947101
237820
547885
57849
531759
626350
447566
272542
704217
918940
555929
283320
613314
321596
822431
218529
34572
38818
287757
327142
671887
39940
493502
74639
367402
516830
607129
420813
585645
673203
986343
32564
628898
492266
429226
986976
107304
574522
64759
229950
343701
2867
26571
52713
723095
317543
475526
417442
588128
951087
613528
604975
964134
338038
615972
922373
282746
983670
808395
866013
536573
235496
222944
913263
545903
208186
451457
693041
721196
620563
659469
728968
385113
424550
467749
97657
663760
53380
948143
255628
254691
428934
261101
646254
119721
435658
582174
63228
424619
28384
956096
233789
278141
429330
469823
189400
528002
947961
684969
582023
636078
922813
453159
336327
927809
58583
415680
646405
878437
189988
321285
510322
652355
598973
210396
510292
822567
167046
473737
666366
645920
426974
833246
717325
804679
980697
221631
905164
24020
612928
446344
678545
664602
922149
575769
901597
705365
460761
99228
124737
585623
725355
622527
717489
869661
242088
346765
278143
35484
875899
242286
667953
272535
304418
815207
166996
447371
179808
280937
198644
17296
537657
511730
449000
111393
493641
236098
41041
122632
160531
915985
483752
286345
773849
906620
456306
279090
710534
559296
290529
15210
140833
353069
896550
770307
724951
928627
448343
869214
849921
196490
678919
833415
109831
698189
233252
856189
742155
410442
802651
876473
694612
517810
439863
958760
240838
327613
445339
9206
846398
214873
56782
94385
48129
71728
721931
672573
649544
252000
294239
346378
749315
6021
779179
491774
846169
989852
432090
859635
227097
98839
402762
759095
77245
49721
982153
521672
13064
416241
783827
384623
137054
536168
481531
695021
73627
61739
334860
306059
855077
778382
927218
198124
18925
872295
145294
462152
342315
883633
233085
850826
346573
231796
85499
786237
113358
241056
512645
987357
446794
102577
309218
391258
823316
720284
934178
202344
824571
510324
305546
131138
949647
889978
970340
605465
161660
59615
573699
177040
694250
612330
105852
422042
985676
880333
487924
768308
81557
446332
966367
823654
553570
343211
184970
551947
219905
940973
267496
810082
91794
28378
325189
491892
723824
164163
414545
938598
503678
825501
713219
728504
719553
821050
121212
943406
509048
914733
605296
399745
899822
380018
965872
301535
851168
924089
920045
886189
898120
656276
97170
247147
570112
214326
607041
390975
549889
109203
119061
792081
999526
495921
294641
174681
669445
466946
361665
448856
827218
268820
603178
432331
781764
5128
330069
388893
78328
778766
798726
530509
890758
803042
14384
129021
53873
42882
838417
75458
710755
179988
747451
460452
188481
677642
887448
277749
616268
783328
410522
916867
771754
426860
353495
558651
4818
703386
496200
618143
339763
366247
649696
815840
453756
297548
961876
183502
968866
86963
788975
480801
691049
114027
413872
489124
264669
314517
84600
251952
395516
211030
422683
931014
885857
4693
768258
478490
370474
642766
54460
86768
228109
571545
145640
557155
850195
660101
286877
543066
720108
738486
317360
579448
967316
369853
383933
921876
922554
745520
956532
351763
922695
973531
515495
807199
428537
44930
521453
636892
801318
612026
649642
977945
948620
742960
273677
579505
597739
670623
16235
403059
629741
330152
506202
574555
41338
19435
825231
594753
101197
710362
626759
648275
483613
902247
485779
254467
515807
223412
678039
56261
932241
222212
47241
435274
249940
401481
867164
237987
119872
252073
699466
53083
601560
367799
704667
590484
441394
68069
795454
538917
90471
174089
728558
252021
772096
373346
794682
555818
653761
800067
557824
661473
94292
882793
772063
477375
823391
58198
785402
117703
969271
258574
374521
267162
704072
284631
710467
138360
612582
636700
948364
789861
929998
59432
720213
53371
208123
169839
664721
160202
454713
546025
967457
515219
180328
163561
988394
909435
316558
690938
866376
673473
540631
732013
134254
531747
374667
463564
309590
541419
128665
511367
922476
782605
908798
293148
155055
417635
825831
999796
59440
287374
789049
16303
476031
745788
464342
781669
755202
342978
620114
720806
722839
975150
200289
497811
37037
368162
709921
914633
590074
330800
447841
277608
575630
712766
994364
811463
831755
186708
85099
864831
209852
340714
893563
755209
589422
868948
306255
638578
455138
490344
154605
294140
155064
921980
102535
893130
243804
901449
50087
944305
462220
800360
978474
211454
55703
273679
769916
455138
740014
357771
250250
147552
955063
352264
335246
809484
124384
794586
109099
252306
843071
516601
211579
673953
290877
770711
997607
160574
707703
365271
81974
986792
556309
929794
881866
22864
114592
858110
75869
779369
884363
224142
853097
376057
311319
872129
475703
264908
769104
468045
96875
731202
460766
26372
346009
95854
720370
397762
857318
384051
955755
648207
782661
89917
735264
783129
256159
769346
261764
903635
23290
404753
926448
321657
742055
303382
252400
37417
531496
581863
734884
446410
834757
820932
344139
187796
171744
712137
799131
278930
747735
809676
687583
264063
684968
256285
498075
799996
628769
227702
508873
626901
881699
104423
444053
717693
681385
956875
21380
431472
581395
692128
385373
994938
506855
392881
267388
128561
21935
517492
680447
469012
942510
649620
136137
727104
201571
165168
544328
739078
276955
591029
540608
69166
337722
43984
498320
164312
476913
157980
125319
921999
60734
694232
451077
145942
743223
190396
984729
145542
720283
492707
952177
750674
921839
698831
735355
632879
903346
624459
412505
201081
208156
146560
931588
118555
846672
714855
257832
187221
669236
512109
256368
914246
594212
5523
915876
976000
225752
548821
8242
269468
463016
608674
885700
52164
267438
80399
105356
607051
183808
164308
836633
535068
914213
13420
257984
551808
302885
427722
869458
272123
537088
238721
380134
214773
921330
433588
927679
59086
63134
151450
617912
925190
225698
734576
112028
977078
831982
191009
956028
4081
496669
589261
262339
445686
653318
76871
708499
863631
413880
419989
396620
345803
610341
39827
483630
350327
289627
604638
188089
847309
610470
563478
969939
470871
567353
575068
280393
776032
534891
264284
270416
194377
666549
716603
508739
839091
377641
512325
288625
275234
727562
460540
614581
770524
973544
687787
792015
710507
864625
91568
623715
291927
330874
486084
689362
790610
220463
451381
193626
908029
780436
348968
866629
689462
221962
383648
462598
678364
600597
42225
810605
127339
791210
72624
734409
739647
716338
788782
607946
888765
39210
575671
449329
529051
110416
195155
931465
86541
109113
407553
690925
377235
12282
498773
477791
451529
977710
476109
967789
859677
345365
394057
861392
116986
380225
760772
473978
518746
916675
391990
732024
272923
715576
693852
548727
662753
597951
518125
86820
129193
207357
411622
497549
214906
129743
319695
628395
625087
606070
261316
100077
416064
620911
921875
466101
374220
232945
76647
792243
287858
285101
706609
947138
394593
980865
808445
568059
86725
243866
704195
52004
515955
692966
204547
354178
700911
840318
327304
44078
662284
936669
565375
176221
513715
190547
234719
562551
450801
902579
301250
217561
185640
932231
950391
642465
77415
966783
42724
376893
703985
525332
15697
898332
371568
6652
501690
169028
491087
349736
996960
203225
192251
866007
969287
540151
951577
200184
979908
520603
502619
62689
30566
798956
584959
266765
588985
136940
701428
837993
46494
345320
978127
891421
574941
884454
953412
904588
574584
19435
945198
785266
572348
874103
114200
771119
881732
500508
129932
817944
591420
425978
257805
125458
500407
23259
574011
61268
606246
966859
417887
371913
626450
779485
429758
624328
787391
519056
332730
452505
702277
997621
475129
921616
935110
81397
875061
712128
117731
549123
458778
170286
5912
695988
598251
907782
499733
565562
1253
530840
412209
861672
167084
374107
206244
214613
991464
341545
374385
948107
172575
858825
11591
984812
644906
541022
804278
809518
161390
278190
732344
21314
21621
681434
496643
529312
461663
213171
940796
206748
421364
286771
189254
545456
851265
604987
781915
671291
864100
420837
704869
276334
697399
945627
573192
868441
730967
480825
19453
602046
890155
587503
304533
616784
526113
406162
576025
257194
607851
634647
17145
458475
194490
312556
81540
887728
291298
586765
88950
829090
245206
49476
327501
208545
600335
837517
727884
900230
854920
830109
918914
783692
912071
290444
822425
517387
968063
378153
64250
920447
146388
133955
354059
493316
857171
889986
351091
585410
492534
452729
763719
509772
401045
256193
555674
331048
486536
811349
422251
622603
952411
285926
650209
987372
162128
48967
802305
162666
24632
785980
356569
868330
137595
809734
372273
606542
408661
499082
548013
269648
98452
586471
487604
53477
830653
912648
151095
310326
501995
709245
725584
26535
111718
481595
941041
95909
281854
666991
542042
874296
623167
343646
656951
997318
991411
516147
234105
888988
554057
367426
734600
737286
836635
110235
645139
26570
257333
656530
888937
390923
863080
486295
681325
205234
423858
469791
971317
421428
805918
607997
595327
628562
135385
394201
219709
935848
283996
441251
175898
773260
313007
946838
718942
785290
321618
930540
891470
725181
891057
44340
547225
157954
889768
26869
415597
974347
306264
53326
538250
56590
539862
856314
999406
463668
673616
611622
204800
233305
182156
541815
166225
926812
169797
455798
516816
410184
565414
975705
61033
834293
293890
430159
975993
902192
389463
397886
591041
633584
667554
790973
191804
751989
616172
265681
191030
443129
15511
928750
419838
132530
263787
992236
347563
158741
395073
241817
13421
996287
941693
154745
105746
224535
733494
75163
824154
447918
629454
20313
756580
722355
482250
739830
967505
686850
149918
831771
495562
244883
986789
877800
697137
806332
607711
49694
909235
464421
485186
647795
870501
858565
585908
11932
475209
283502
231283
265936
149949
221829
600282
975965
480958
87729
624193
871644
432006
72591
829548
776922
2914
65298
588096
285742
496305
423446
988511
194266
117978
484912
821278
572002
125702
331381
438671
236363
204969
279027
296568
784066
300525
722178
542485
274800
318988
465635
649195
852103
957072
876437
586668
931401
287
284052
249321
619322
360380
476241
527800
44296
425171
81729
869686
129520
520401
707067
663973
434927
567547
369936
580037
525557
992879
264956
425304
880953
454404
250588
384911
805077
714566
595561
402848
584484
915117
126916
109000
471655
320499
480783
208393
847359
458287
651354
302398
648537
898470
57372
408253
210708
798886
177085
656884
431566
194641
427034
227989
258449
684560
985553
717274
911994
219407
775151
279309
871587
171448
660365
52302
566048
282432
76209
442058
296369
745507
46126
285027
49624
272609
923659
806752
48533
832756
804649
367201
514587
346107
464264
178066
344046
805438
527341
468993
501410
838821
167782
56135
169065
102923
527449
562343
145593
584158
890075
755512
299060
36313
294056
545953
865194
705778
561375
795307
733916
45719
80735
473110
679850
580213
567415
264845
317749
533393
24336
896109
111902
753505
885117
883796
972713
283347
573441
112623
614593
38659
488081
611008
95917
824314
596191
15481
813086
925642
316514
546355
937503
691492
477570
888346
989069
139629
90052
526251
145914
12369
13269
831810
146964
542522
593563
317336
271391
939003
50751
682107
934976
991961
819069
939304
408593
907182
177051
604827
960446
768249
140083
80033
773639
511349
415726
322287
978278
930817
864531
469439
601898
364536
157894
159227
148242
270779
82530
710931
544727
89001
221440
33581
282019
173947
249180
449041
361865
773544
743572
75553
637507
714050
141481
164409
611092
153948
22903
673183
443381
787222
760844
659147
202613
490658
7296
39792
43471
534067
19310
667916
406574
129795
158463
263647
751283
376995
551855
329966
510673
933766
913446
290298
781371
204358
737201
64986
923565
244422
705517
133944
137806
370866
495840
18806
274825
137741
88187
729979
843931
156235
465532
219540
383481
538151
535021
846586
594550
109453
494609
30437
91157
237787
457854
612773
552522
493873
957070
424018
949397
419295
456448
316123
109795
702919
452099
928400
560163
908711
542418
755146
614473
503450
359286
750782
236656
363311
395233
110855
46381
54531
781774
672351
607598
850660
972732
632113
746202
182445
436653
994719
886118
826017
631863
360664
503718
963823
796162
720357
908191
821270
447185
918417
521646
150940
68484
180247
155609
490956
348708
725491
53450
60250
145130
730350
296953
612159
332040
70830
668577
936777
667719
458063
309007
446537
805977
492989
6545
22166
365983
900064
428774
529551
659248
567170
879082
526492
396709
960556
383712
279326
24616
398107
239187
351397
479124
727110
759718
547626
672656
678145
396013
741144
358211
590036
546146
398460
927082
867323
896789
602228
746588
48804
652573
273922
839169
456466
112786
172467
716578
927126
319094
623294
160124
239234
751851
71584
609948
963899
689432
448870
747708
226043
822983
94479
409341
758797
840605
200139
252614
967720
461303
835274
969720
478509
76961
934150
355136
308647
906251
859985
991651
512929
30316
7090
883427
68305
290004
503829
652172
176829
649853
463684
782168
109949
702296
709891
669368
600921
590505
310664
486806
14173
441853
643873
868559
803727
572590
909709
300772
882039
393872
630529
728850
39030
311563
963247
723349
117826
609639
330385
274638
213530
201104
599073
473605
647295
865679
164032
293224
140963
66845
632465
366126
469278
346437
178874
345977
138498
820102
440373
886627
690770
159873
906866
698768
844598
243961
982558
950688
53952
814066
498525
689139
495688
837281
687182
548112
554304
239333
462502
548990
859068
292003
487043
24501
990144
718972
697409
555628
672663
243524
456028
281822
744137
43689
232543
387121
517772
88879
867323
478833
322276
99435
533749
495955
126823
14368
630825
145101
353912
352026
555872
801097
477987
976647
269598
621132
814138
134542
104777
928478
169445
315493
262040
264084
914415
528174
454765
872582
19753
213543
181138
160277
57545
151147
778520
617646
28713
788141
902430
403940
698612
442030
799692
556732
378788
598133
181973
561139
833247
17773
517620
800715
163614
880592
507096
485421
421722
626645
118483
697298
308549
697063
417079
589391
515607
520053
466907
881016
718257
993440
984246
254668
13836
68620
261964
176361
280638
170982
522503
552609
988312
132229
905348
293356
592162
766656
752188
295875
251251
981259
767461
713879
959611
910899
774688
582404
797470
470852
118425
60325
267166
552684
879886
480396
22981
48841
877502
453252
83377
413715
366193
166900
699769
811725
357738
41910
342614
367517
103933
432143
827857
462807
200950
58280
463502
365027
422132
348332
265917
641341
929658
90396
409828
66719
186844
653950
668972
85531
50300
380070
360766
638277
7723
535331
252023
654217
506487
193718
710604
458575
125716
363311
45263
983271
706367
266280
537355
327790
591356
424611
69474
473321
264751
262898
618665
503589
611033
337379
230513
282483
209032
787587
590557
434802
145335
840705
330894
600813
901490
884992
147033
318660
748321
74320
988164
370814
536071
155712
503652
901939
91833
203696
85603
714856
923604
34763
896599
256233
918825
921358
993415
137797
325151
415949
981292
226895
471621
691908
259412
495741
350409
937972
956775
458501
116586
724874
623573
353844
557531
401810
533472
4083
395632
936311
933516
31124
682270
610126
494256
724363
222994
424403
245976
99481
266437
928006
726547
471902
962868
580356
820154
855340
464094
430474
709500
673890
206349
406475
965493
666024
825929
662476
473759
177448
478858
558673
121014
599420
419805
909648
847998
776240
828741
51744
299124
895084
861594
777021
399195
494971
446844
386354
219721
877665
312375
324041
375630
219994
14182
909853
142415
366238
782067
426709
171378
526448
467195
102098
384158
757689
662627
317411
716817
678073
753006
94959
787358
39074
371133
246734
211143
922034
835792
681073
872177
507069
26519
822124
32790
470959
762690
631050
48514
405680
374709
171334
749297
233418
614201
683507
3190
369924
200530
430501
828170
178486
335722
334109
774621
641266
295836
520843
278393
788196
287760
551647
667362
769357
913275
177509
669939
479220
549018
195938
698076
411273
830343
354483
466172
725866
120470
235136
355757
434388
930798
942624
832495
591373
3797
831064
781397
589499
504274
332735
781422
548408
83022
290843
897925
516963
160698
671192
440013
120540
706819
456348
867828
987653
516627
720036
943454
50859
960838
349283
819311
463803
903267
100723
984011
937348
766421
834254
91427
692136
36254
276067
385585
420829
131041
49641
789921
814800
32308
24590
291895
159480
596870
708183
448482
854660
553124
46333
488855
844268
126289
340457
730005
885431
114206
946516
711401
169252
176100
420519
938711
58124
608041
401404
707101
946631
970329
691033
970496
267155
263449
39518
252357
48537
978650
688930
797954
530433
493748
16071
315303
855404
749156
471339
311409
868336
886927
420641
793636
637005
107825
816374
708602
971108
634515
172228
281372
104707
717377
615094
215301
362887
556449
198951
120027
772552
94475
266790
941517
741511
902365
430488
302447
681081
702103
986772
443997
940208
259537
1061
928470
655360
57360
313700
845400
661523
398153
110585
619390
899219
462373
906639
497595
839031
603613
659060
961187
929767
395603
579825
608874
299206
56114
493054
356384
624973
779918
79637
841979
330763
912773
507479
713892
643024
735474
795370
182021
274770
33697
73310
557667
97492
438200
60046
614816
780417
648222
781648
140975
599547
581501
23286
458060
966352
115557
830071
702596
442280
196219
469648
427737
436261
984281
895664
220136
787004
644155
785882
237778
787774
727055
537102
962030
869815
2806
626706
102027
505654
227600
329632
619735
508793
693913
314670
42825
199362
428973
570171
688112
550141
848922
683572
725798
773301
37700
171852
107305
526289
507953
1590
108186
726504
868136
262121
229970
323519
883805
341643
499448
969442
671902
228681
606162
960031
395661
505522
299443
607742
128055
526416
917287
191247
881096
252869
24451
412817
859405
564008
385714
454091
838278
691939
982852
761220
160373
729229
765257
138620
836765
380933
472717
405970
372231
504456
800264
867390
371475
782688
797374
83662
643487
469524
402846
545964
908139
668610
137325
424384
654287
549153
385570
485058
167752
794514
601410
336792
191333
792234
206485
514438
423899
962324
166604
540248
421482
311394
104400
126438
591387
650992
185299
928398
644619
560031
712602
261024
753463
95515
394640
14868
488547
361028
20579
9571
508190
982668
109047
996728
980886
870757
342637
363054
914267
708461
836747
257912
81051
80581
864803
211842
530768
561469
558806
644181
127280
912541
339105
682534
515056
493715
223373
327350
963037
521889
500680
444091
298750
179948
310796
594793
229666
90495
940469
302236
82200
971505
316970
844159
870174
903599
123241
557159
153045
806238
941583
510783
50966
511681
49129
636627
550012
306306
736489
336690
70814
361656
843905
214844
751846
940803
377688
559922
40454
522929
624614
998764
840379
646927
251900
110271
273839
392846
91222
667319
441415
437335
75907
75109
762903
822799
124809
16445
257917
560911
688269
600324
8513
542206
186258
51494
452539
982559
579617
363125
910559
549981
338969
433160
994259
419579
455394
215057
845085
527292
851641
915477
516195
797098
992528
492024
350930
604108
299750
157117
563990
35598
888440
138853
269231
553544
999790
605341
103398
582386
56890
761058
486608
997549
730893
678039
408029
864878
136194
145803
897765
455522
618584
843766
497603
292564
637930
54908
970041
973031
137289
893486
335000
260057
567504
942916
911732
776689
159083
552143
278944
429020
909706
378977
207264
857299
626386
636848
86006
501766
292068
432849
778419
674433
757568
109508
409679
678340
307106
629
146798
54802
39480
115273
871609
179401
766042
151130
247586
70804
368875
483322
609501
759416
516729
541415
221175
951063
250663
558017
562302
129166
764004
648290
335072
346439
588461
273507
527926
612930
349835
380714
967850
118259
408704
930813
972670
861592
528040
566482
578797
221964
724700
989306
723551
640055
914610
184781
326317
961505
635978
585074
247063
476366
474404
681646
676045
643020
891381
907107
519806
368230
455631
335136
845240
684763
323847
999287
863312
699969
563014
644724
522336
198674
183728
163028
323422
605172
299722
168493
172878
632495
85446
635273
109341
911131
466923
667125
995370
795501
350514
383839
606382
385377
75893
936179
582174
213904
844887
129685
84735
425157
56747
197976
543987
372297
295535
67932
635924
88320
949677
653996
710199
200628
778742
291002
238723
96424
4150
962106
400037
872419
397262
136056
705306
568331
385005
533384
108143
392479
685961
66461
876823
645101
841629
817090
510578
133462
411606
322086
301103
448983
944514
849581
638697
875180
890230
844087
586461
209902
308003
244060
562518
464688
466729
40697
612341
800119
415327
955163
461364
833179
643975
681903
123248
914691
75071
134107
803238
274366
456604
951626
551094
762581
666632
810128
176301
652323
173141
916283
386821
796219
429709
944290
319076
687033
969130
424107
561696
386500
16195
494548
817189
684109
90480
492291
358206
304571
468249
499015
62546
891603
698211
897528
391242
442345
151601
745064
343528
174244
392124
746972
377380
258016
676893
808610
576005
550249
109600
809020
985942
283883
454346
140617
5150
610461
664262
935461
982105
629027
713105
370055
191981
239466
322356
693761
576338
765783
236588
660175
149097
642748
414452
382759
384581
654733
189430
389762
627292
693023
60895
583193
583488
805979
119893
763356
107717
185317
480646
391547
323408
149613
36165
638750
516659
183388
873503
705762
674849
319395
758866
346906
310766
479484
441211
138539
81318
761883
296136
609695
508341
598903
151697
213391
928770
894793
279948
159420
877190
432711
768848
963693
113708
472638
325959
60678
657854
726595
29682
408976
881922
798376
111161
829391
447442
796988
806147
271690
177853
928590
792422
722768
299424
529696
655751
649696
309513
634450
36094
860409
854921
626438
226419
295281
947140
314302
299356
901766
721549
40108
982908
424604
489148
831064
610334
74503
148470
190183
624894
909999
238840
473556
836700
308262
924018
746526
419484
648715
465807
668041
110997
805419
431444
627059
993459
566144
283460
281029
794591
309862
255336
864245
62224
168230
606565
220313
330018
41241
881151
89330
210353
653235
738294
849512
466299
682493
669063
828212
725057
413994
603175
769452
972363
738509
825270
381862
50141
885004
802725
459271
761506
882886
80285
346899
798096
358916
105464
187393
454847
507592
654855
388920
989727
656796
36264
334601
474169
612095
832579
74104
940140
438386
316460
842874
623270
964004
207378
716854
527951
677963
27389
996848
794769
835374
49804
74386
252429
994027
442495
212850
328858
697022
563919
768716
15309
381849
376123
714112
414074
921357
93553
640192
292451
892443
579256
570711
40678
943792
242810
421428
777860
89993
782465
388415
72022
416306
478814
488188
597819
362142
371580
732554
102131
597531
298719
666643
154772
857705
399628
310824
514338
980181
897924
568739
158226
703696
886517
322226
540091
494448
722820
399599
905918
25094
384229
23496
797014
797552
30886
459133
662511
939997
605632
477345
813079
88215
680478
841141
135749
137803
635954
306785
974355
482981
896601
132013
268815
940312
171823
512672
23436
867923
234403
765021
295594
422689
900997
367989
775560
485635
405603
60680
191520
206267
135754
744180
840257
460670
898266
800276
396730
383554
316988
320738
690602
492082
896707
939399
722427
914762
132007
267278
468028
80962
456837
465666
474118
326775
709880
754782
2006
35948
955673
649409
461190
544199
903819
695504
945672
487555
501760
546837
984293
955952
996733
426101
539475
913235
669679
707711
674142
975715
61932
982956
252114
86413
227264
808276
44385
896550
488591
450014
883849
265601
814975
163213
702819
985802
870881
858367
731274
539111
893408
568201
673534
37961
904147
937728
241479
212660
601476
860329
153453
756787
606578
38976
137008
297306
470910
770217
422115
748695
895515
408224
40122
775572
931210
73535
667357
166551
307789
229179
591396
4022
778402
42152
567103
876683
146631
79951
689679
527316
918183
599931
780146
372308
232689
85127
682955
57321
730195
238947
588854
684392
693148
792650
196503
591295
177197
660222
26737
371439
595519
273888
784228
60709
265458
701911
873106
131669
610177
446928
281800
961229
196512
130185
586764
724206
913047
461859
887561
953511
334237
574679
705571
559339
156475
405199
962978
722390
101159
127968
364004
429953
630877
159591
963873
307593
859697
271065
302055
623682
154507
783840
979884
558118
259811
594312
673327
105607
411030
506126
959449
258179
255382
802996
798822
24309
149564
305416
11042
501001
301438
510473
980992
794307
988202
162278
605507
921812
539398
318196
474629
839890
327685
49360
578412
228007
357717
768727
900192
576141
518066
752349
538137
647431
808331
345007
983416
366695
407669
264031
947762
199344
864844
172836
707718
12715
123874
629094
586158
837097
899482
297910
237960
192450
645328
778202
598651
180266
770525
797774
45618
308885
479436
886519
254422
883429
860435
377739
719987
833406
748671
644810
977542
799
621180
3031
843938
312370
588075
964282
582821
615397
19488
236331
245780
429004
395044
860675
612783
693061
393522
311516
842326
933565
703105
933606
53471
144217
55295
991933
205979
586550
867495
193600
631394
326948
573197
775616
330587
208347
259805
321998
72075
882892
74204
877587
282599
120616
469903
467777
830000
227076
202657
197874
675227
777785
387016
726372
90902
896909
696628
840905
323827
336989
217045
256462
122846
610320
217750
849577
792443
327523
558867
402814
713346
146781
713245
850823
774171
137853
807837
947880
162922
504135
461720
934930
619460
262435
902063
388483
233528
540118
310288
621235
493798
624824
55381
812837
217881
927530
170878
324961
863128
227519
636077
169830
120908
683397
733473
693836
863219
83502
941170
834996
452277
524329
649676
245247
551873
11717
821097
81027
534905
10656
529087
792528
733839
971443
642053
151807
998136
678903
651063
792092
188138
259868
811774
983198
149728
655981
342902
144266
145890
456957
703074
481103
493341
584155
38436
460970
772270
308801
582097
688896
10094
33529
529676
532660
609445
939414
272186
266440
681960
678620
321732
401374
354260
636599
520111
470955
710281
132570
287309
616300
232157
476961
257612
418418
89072
271184
766270
414021
359456
890433
69960
666034
318404
112883
946061
794583
753057
816514
314609
521003
761275
857573
337035
8723
871454
852473
900532
172302
945949
254015
617330
422779
246515
636344
297491
824517
436196
502162
397739
637930
143784
442372
190664
586529
213729
668289
458546
485297
260759
281583
627787
486407
83929
977475
86144
18456
942654
488212
14883
144841
512018
210048
852929
405764
529844
9554
572631
476645
627992
656851
400152
645205
649435
458551
124994
1239
1338
298301
951593
313095
328389
496171
527129
325826
404035
216854
658125
309412
272873
389494
716148
976697
527142
898211
932073
502359
48896
861325
384061
439002
769868
54000
276033
885536
863261
390866
910251
58350
182873
107166
409547
66963
91700
586194
780570
973367
774117
653011
453330
92660
94716
42061
646662
554222
582544
20518
647240
760912
777778
68207
695529
821374
456113
615157
95338
722729
627233
535436
275671
535551
794859
715594
685276
358340
383168
900236
733313
394090
713475
584558
268876
815133
742525
606599
798166
612031
134634
315210
413426
916732
682819
855292
840474
326001
975600
666490
236616
258243
152903
424213
351468
645084
559083
402052
684701
623411
701340
513442
618541
462372
559837
823241
678981
556921
782684
739177
649301
716242
986879
124013
25631
794952
611087
996937
751581
937157
571693
179803
559033
247853
12851
374681
273345
133854
736537
517257
767494
34243
130668
852672
344200
808872
666428
620441
939799
728502
56193
999099
292485
813270
57438
294354
477610
638347
967182
613809
126398
391675
649985
307705
571875
13546
810537
456506
835422
565007
575294
949995
604376
657800
125460
542252
522027
692620
711092
965266
692033
436734
553943
38019
178623
843465
395895
241986
717409
911606
943118
456327
265399
301526
268164
588918
364649
500395
677419
328952
871402
254426
272228
188992
865773
735509
626059
595708
568176
997870
452132
174119
768607
163751
771243
506659
353140
879545
984371
694434
270189
46700
838021
580555
475978
647828
592518
604484
915991
713370
407075
250892
671534
180500
711405
720482
813557
905484
141761
888285
928964
998349
477330
270478
283119
312973
552296
537426
804282
304941
898805
748117
904784
423684
70047
285555
502479
674249
551526
292013
741483
919025
153414
302713
645442
976303
954209
800921
831194
150049
871573
242849
591791
363188
368501
780405
629936
527171
659061
231537
975389
346350
64062
420102
308071
785981
49989
214713
155092
707928
988177
506728
777800
424597
689047
649517
108740
687306
27537
780273
35929
308383
472022
214996
391808
24051
806204
286962
458959
585747
585031
129932
278021
229803
738087
719297
182135
191865
272374
190563
175677
730307
551920
427322
510680
779687
519744
640892
506225
637767
198804
269117
156333
161542
660367
308470
293899
692906
722744
736436
607720
625587
234300
198113
332199
894898
407452
889088
535603
223311
188567
680235
436780
710720
76164
982490
775267
787437
173277
65281
169650
319129
403358
161771
219196
841574
695966
936937
652406
803624
604561
608640
825995
719279
437447
223620
897985
175027
618701
677182
498582
988920
359789
156092
435310
77804
298247
992669
279561
781722
384418
120025
302552
933910
911635
62640
795959
336247
197381
351139
908801
542789
604496
445103
766928
991384
470262
25585
360994
198839
965635
889443
979861
103361
217847
311708
126970
526983
432753
846078
312174
103345
166634
948051
158146
448468
393444
784852
301603
521588
219274
261918
755609
314570
650483
799987
650495
878432
411547
310216
931807
745949
310979
732990
24816
95003
749001
731460
122418
503874
724024
34679
738065
607992
408333
232365
900257
130005
111614
340768
983806
66904
831450
235381
902127
155660
518146
388848
320256
965094
788720
852882
37017
15972
165726
266124
236413
872746
818494
66687
395215
132600
948018
141469
522389
614434
588938
608689
899134
341481
655777
686970
550570
546520
210478
156526
82219
132719
956776
183999
998733
845030
256649
659108
580456
510771
994073
273057
564902
640854
993078
528107
428675
330331
722013
448886
973671
47433
519245
650103
897224
428716
670417
258187
967612
152085
61999
891427
718104
545270
146082
798535
969749
804433
190899
926695
641265
840414
294717
326576
215235
980668
810952
362781
81779
981462
950142
229143
650854
711880
663665
668644
751941
976826
756271
345014
699124
361717
865436
52735
804157
364745
560432
391384
187055
447684
990995
916768
596252
919247
37878
149302
302101
548143
591459
635321
526451
873062
331684
478883
541508
827062
17018
619572
227123
451267
245648
959426
281739
909631
744035
899644
649272
819050
133376
758877
874128
866699
431215
674738
885263
233767
413955
432602
162528
669033
404828
408610
731618
202750
889675
907371
781701
14510
727153
21253
402890
694622
385161
960943
156320
708204
773925
73847
938420
374932
578897
623117
56067
317251
917887
42105
263872
41312
659238
500876
558276
571523
899847
917495
641862
423086
116664
277575
266786
230246
872137
915313
791130
919322
483707
137202
639369
80778
73372
546762
872181
767161
747977
540320
430371
355323
419571
341775
360606
617677
814866
921592
643059
416420
426913
715612
60617
380526
629364
468423
954477
130869
521054
913724
328030
949487
916892
782738
762170
253794
654525
488745
60041
404116
714942
410931
470771
361031
250702
718688
340206
242495
786878
120383
920391
933891
798863
639428
718830
803281
729815
551197
393103
777593
611377
536702
848614
253655
517450
438519
903799
225300
356937
139197
352294
84506
591472
620977
364058
460485
24719
732949
453049
46526
44360
903309
522672
71230
269977
439049
142141
768836
593591
857668
396983
454542
295765
163423
672928
895588
428409
10155
378335
569487
911060
205123
127076
639107
224084
213188
621064
94448
334303
238373
334650
408560
143523
314605
577752
77996
41348
440971
436594
795341
718328
343018
698857
798625
579347
490657
14894
392165
636473
10656
594095
52884
629438
37605
280893
372736
683848
334313
699608
284355
83608
801911
909105
114070
259727
187185
843958
538914
617225
965587
45642
120395
246103
304720
726993
245580
306045
736378
180895
897466
534572
613074
817486
355949
131658
718281
380168
238705
226031
908580
542822
527734
652468
390290
923263
683725
316640
718711
964671
867182
643698
848131
497983
131879
244995
163767
46080
483739
37294
73202
945421
119317
246097
28796
305391
165366
18450
723214
998475
262742
516554
635204
169156
262359
980109
517955
243029
55882
72858
444415
146841
127912
368827
370807
73547
937916
602219
13075
463062
330547
149772
140764
904459
967632
51991
39158
582065
570957
244747
498881
919385
256864
301312
962728
754139
725061
270500
367484
968668
617843
731338
220742
285960
98577
362202
282410
135585
915196
587527
281332
724603
646119
467024
648164
569847
651300
799002
281283
429435
562779
179881
852472
930109
803569
66372
580915
801308
719287
80978
784993
919318
188179
275785
44571
794101
463799
558179
398501
481682
620057
808362
959650
965569
3714
220151
727302
837830
177348
150703
861844
552948
718545
360529
627387
590714
527445
573770
217269
208563
382605
60995
557012
160789
858033
551423
752021
523555
812949
536985
232458
402415
542046
192744
622988
394693
932705
524840
14202
749350
347408
670980
421010
93102
225150
57878
734686
937608
422952
85393
345071
934218
899155
670275
507857
728013
645199
534613
528957
901152
242974
634287
596717
240636
334808
102119
752995
902249
363504
810068
203190
349236
843907
168599
729498
849601
95652
757778
125877
420992
481271
158011
861162
191748
465465
167395
240808
343646
152675
767751
554975
550105
633538
940394
23023
146786
977385
346343
801571
155401
710957
346648
506185
439081
598692
377522
470414
294416
970322
595577
471445
625904
765332
378367
654156
318224
540591
821692
479770
595647
72436
494322
235879
826520
263298
661522
862164
904140
105717
384476
117392
367198
593455
94666
173012
427806
873315
912243
249324
654866
498133
163610
959503
761238
784807
803326
403677
90753
277583
925804
44499
926785
134113
495462
794376
619291
328689
44576
98244
309773
27867
538111
267514
304400
200026
588941
336580
940232
776485
634920
138340
600451
286641
887317
858122
276960
682014
911533
354561
182561
465982
825949
180494
814564
695885
724573
599212
208573
843188
446346
26032
194626
240406
244486
291520
545016
663311
437402
962250
974496
942743
78463
81656
538834
992332
320597
886696
122473
373444
59532
33509
706090
161252
32411
657139
291783
466739
221904
401285
436301
852024
968656
982775
981704
4727
190777
768706
265602
505042
429813
481244
383731
928144
355106
834263
225013
265191
815071
255269
614941
478141
499268
339786
635605
69904
400393
799345
567911
561384
771310
700905
76173
568288
517413
404810
222376
870384
926589
454383
87764
116261
167096
540379
746842
755419
322669
134467
795773
454283
823351
100634
2141
276423
214792
690069
85478
913187
25997
642909
810542
335040
964617
592257
483733
22520
997998
480785
803287
411839
164328
120767
737272
636512
724112
575418
219575
258612
251025
463538
768729
214508
843603
158063
927519
849187
843111
572339
871722
714683
330249
387161
662165
307313
927474
642714
601296
278074
814287
114091
66499
787812
393440
233935
320624
16450
706321
866910
182405
631834
97072
390304
516890
653278
738423
252656
606887
299211
799227
545752
977172
615949
428648
215478
17484
438839
723647
152050
781965
448129
616149
774603
171435
351312
247963
679148
4108
94200
687395
142823
210744
184408
753473
809644
189186
131833
346343
990103
170551
819308
945335
495955
883218
837642
47515
722691
76965
459686
168032
149973
441352
23907
888575
500007
849455
152890
128818
912458
406000
58481
913206
284856
857886
384758
174200
110826
424182
743425
706592
325267
803613
992222
27225
960675
176945
931277
696621
873090
631555
827609
803947
279564
390502
290723
164469
273029
34840
905604
251530
510352
889624
935369
55908
189390
851844
898045
614025
444071
798884
150139
754254
697425
968636
484916
159270
272661
579975
206182
926317
237219
778126
331944
567374
955732
3303
549300
88017
94014
765562
483410
294051
533987
144773
766638
351318
593486
62311
964575
311981
861583
94484
972961
308409
972750
922058
50408
415847
669419
821040
295621
356754
425615
871574
338662
381516
406982
173450
32382
706548
845772
951952
311305
189966
125067
453040
33678
996309
424960
21858
760123
335494
30268
606638
320587
732065
883455
367117
148337
798459
791804
449581
605924
648840
177925
405615
708847
841620
384170
650800
407896
137195
846523
793829
156087
439231
600099
205072
873988
434867
842588
873269
486894
318365
129267
136869
880732
297350
760349
45599
435177
957170
767908
746415
599347
214155
563133
95946
821198
860425
382049
821315
436781
856056
352256
197672
103245
577143
90972
269
345279
790204
148729
355850
188561
716914
784742
417415
817988
900994
187645
807518
898887
785020
68879
162350
320598
684043
202643
888170
815433
162702
721390
7206
791476
909017
134149
701195
997718
364567
746696
477280
552958
948730
424369
322545
817054
188877
439991
977541
573374
49214
451343
114634
514762
614002
508243
766796
829841
642575
455823
415006
452202
802960
735509
29306
148727
749992
775576
727874
555158
846888
877507
918450
440514
512768
787081
240307
282321
474280
306672
647242
91690
802853
515757
666853
497374
124214
205088
184056
481436
457652
154252
799305
163979
940498
230641
610750
262671
370391
569109
406071
290512
103322
267334
73700
401017
998846
195714
254925
48359
271701
661845
549055
454624
681662
294270
510175
546361
322835
957605
981703
333495
185442
96573
125658
970356
828960
79931
945690
544501
246361
918901
764901
615402
282167
377957
465565
44090
190358
122006
39916
527216
643631
192630
452739
952164
348967
17459
964560
967707
114807
671506
718931
23646
770572
122042
651614
765949
881438
427883
936552
222934
500541
266358
491112
940088
840452
489451
759875
353876
16829
878393
896959
197059
700514
830334
488919
363576
806357
898296
568887
882358
830436
59347
240060
157852
355174
221729
19518
174422
687773
147039
952140
559842
886710
761748
779329
171271
219159
299892
168923
82089
107615
135622
460897
207123
380435
550253
488549
22908
24135
611947
390806
726452
998921
209927
565790
315284
60552
764393
920923
946277
99731
807262
727086
931221
75327
698309
287187
138536
860075
220056
537374
666438
371614
111398
528345
174457
642229
974429
302280
874623
690494
972206
735725
99245
886922
16980
898793
112577
64646
806688
751057
696534
790553
581673
285607
524762
260479
363779
353145
627803
465286
603080
659797
150344
169648
809767
998485
801989
189453
17463
359311
851772
522217
463026
946787
760749
960253
407777
873980
262832
456112
418185
722432
332183
945994
555556
925240
469415
399910
541834
6197
536427
718428
138334
834332
811662
125951
384549
733376
935274
531825
304058
815810
639808
298158
987874
315148
946473
307624
353919
375581
561896
423588
828557
261819
78979
415232
63515
150313
488223
958938
369070
878978
229692
778694
833358
894304
725309
782578
406896
952961
211487
129879
30466
662344
243725
682527
487680
687569
200866
705010
617022
9798
495803
25029
26429
786448
540186
56755
326658
124934
241412
982411
318989
986940
928860
432707
470717
905835
963198
462490
649047
166094
730428
407320
170416
778694
753576
183067
358412
253808
45975
758132
642750
160860
854245
122283
572100
819838
551333
457143
601827
344687
293404
979172
551288
964654
61592
232413
330997
895205
372929
953477
912765
916552
521768
1877
180054
377157
339919
259480
985058
178425
227069
612442
453858
446192
248450
853040
498947
791581
951629
888579
56796
734288
665124
887804
117526
215100
607379
884974
800245
598192
338522
369628
215104
437612
53158
236519
873017
594352
721323
423491
775441
700940
499744
312496
244211
836079
288181
30864
919839
731555
375423
564596
350459
732873
346654
335243
257649
845591
136977
117643
972686
404128
226898
825655
458793
274878
866691
62032
376896
307928
370120
957247
950839
737496
173169
176592
679095
578280
258074
653399
735491
779318
504665
401214
450043
451599
543206
696054
772170
308474
642777
213332
537390
818679
745140
185299
186957
174731
220640
673741
1350
851729
185690
395661
565388
456552
278514
974974
139631
733756
720966
930047
466001
72693
951498
421095
231798
1857
195210
493360
568647
208702
173683
481880
736096
327510
891140
293476
708851
258201
127367
183681
235137
469304
543093
453266
878383
267167
352786
56153
288110
43552
317251
552960
600347
210281
601359
943717
984434
378016
727364
347808
456148
823786
381534
638186
900182
782923
46620
594275
33433
528266
731693
170886
294900
832827
487772
229454
279623
39142
418947
655985
900043
765346
364049
80890
689142
52494
133916
9772
448933
739758
795499
250423
36533
423543
207664
13352
892913
46638
566067
940504
826418
750735
210908
291124
386627
1465
699648
426562
701433
820453
277825
251083
399158
152471
805266
321612
421944
641582
94924
596475
112749
371098
95087
805660
142421
236467
213056
552223
784018
860582
970226
33697
988344
251409
854665
102255
893879
995293
817948
495871
111586
974386
426452
551057
937467
847117
101473
734214
462971
261218
907021
201169
596672
753535
508762
266326
728379
64580
852356
950861
432827
839328
76433
575161
476680
750706
919747
348906
741403
452234
959984
159171
65580
625548
140921
74329
354160
802351
618869
932039
290612
24133
724703
733604
309525
906674
99718
966166
599054
597933
745775
550796
805543
975410
905877
192268
498002
32063
998293
153092
625344
709465
589068
622787
409199
36932
21528
113498
550958
804879
285685
250457
827383
465003
332172
198650
795145
91609
946239
419499
191879
158631
299244
428848
607491
426344
260354
168079
832516
632477
65015
573746
359533
435562
772887
893554
203550
310185
602918
279382
198297
596114
291310
690689
721093
872626
175342
353754
175493
991109
650477
383239
835945
999506
985178
637718
451582
134077
380047
795472
884837
318077
493405
160287
475613
942228
112547
138618
889563
491600
315731
865987
89768
255994
765603
936737
209457
351805
754940
232381
633707
231048
118894
226448
125150
813095
336343
3048
463847
18336
692412
589012
56820
692621
30516
378955
843391
288214
911793
17077
752672
574060
848590
894766
801658
702900
142447
831419
705374
860297
355333
959830
908179
844978
314259
830673
833815
485460
861721
888264
11405
998864
43619
929680
798519
540320
563015
769550
27930
664362
906375
688611
331936
710421
267521
691792
149008
210229
888398
579902
640756
993428
741330
405947
8776
321230
53811
4077
126163
807238
576755
919493
685527
600382
761999
606216
358361
924825
121309
806780
241463
669326
640272
306042
368037
423569
837510
537609
930737
593267
520061
676985
639558
432460
587266
791915
701185
54384
41928
886297
211413
485946
979725
280056
433701
833873
169764
863646
245970
899766
859666
995926
116017
852890
398336
328386
817966
401390
981116
597800
450294
97309
673151
657511
804523
929665
5234
839692
277202
446662
85400
460404
605848
580864
138662
326371
261407
926875
914340
162238
122218
441942
224299
968187
800119
56196
842455
939600
379148
851088
458990
426492
234457
406542
684732
315298
476906
454518
493229
655821
16971
596858
172843
611806
224518
720209
867948
413692
660324
750187
665493
374076
916833
678506
748250
667078
458590
901218
557624
576056
494478
340584
861056
524757
344073
797586
59535
525713
911774
829045
615872
844040
90329
687395
553081
254844
364247
526213
897374
676740
487884
663596
44618
973493
690464
811179
628708
772022
79211
603745
172408
562323
308656
838073
999515
677399
740841
36641
252483
986
179356
612791
948692
711100
271547
367436
870199
669392
668870
196586
647439
585619
493919
137585
842291
952139
263257
388873
578523
896415
81026
240619
212719
725244
487091
17632
30282
603611
537269
547557
845638
631372
603712
771262
513204
133222
571914
88374
749368
86470
87969
933865
738080
587566
177273
946958
384324
659694
973513
352150
584777
53847
755614
984377
203487
361060
782174
574254
559047
224289
566064
369601
587093
883689
484884
871368
914667
151487
54673
482983
935873
770802
53944
189349
746659
401605
364019
903046
398911
413446
164129
656330
624716
150392
914721
29044
478142
330604
27131
224302
495243
286970
194735
831759
586973
977974
523159
357067
625798
550689
184292
971308
653824
647378
60049
30517
813926
650163
450235
279662
275420
380701
407395
793183
621932
967675
788082
509685
343017
79817
857518
312713
868272
600066
518061
794372
283041
604343
123951
921996
405834
610194
204938
633775
400384
29274
914740
923744
319294
409796
296824
682416
906671
880722
519117
704652
575765
120499
915794
178242
224234
322373
387637
795325
967831
691853
862144
346961
58149
112966
906279
551601
874419
516495
972603
880092
582367
7109
942432
676708
907150
770415
297000
910243
126702
182444
186862
262435
61389
995099
899141
474289
83224
540430
155939
556884
899343
595027
426385
867948
891800
503986
676249
817456
64591
411408
389875
531878
983394
628765
43817
343799
145489
884188
744772
411907
232788
992984
581063
416588
527066
108356
97529
213351
949249
606370
492139
978101
141029
420295
722795
313772
696108
160931
39469
800358
269862
946714
761286
778647
532017
681862
899049
400284
738789
525680
260546
107217
957237
934226
816766
839647
68625
851797
35551
102392
586079
945354
35201
923901
788327
988407
483246
676959
108884
130492
334955
622258
157246
437471
34294
789448
11654
350218
120904
975370
627593
974796
134904
132925
997245
379626
71821
429194
706645
618321
496490
327730
637345
549887
590583
396895
855156
260457
975225
966236
882048
206358
93829
767906
908642
166692
949818
980668
15914
157705
525446
793477
783389
795468
559846
134021
277105
522197
569813
296430
332180
106421
987725
310060
686574
790485
427742
320101
530975
63804
512619
936542
97868
261460
545006
645853
581242
714581
798897
308687
947432
479582
682619
132772
415905
207831
994985
59786
534530
832098
645561
751081
740716
693898
102690
380328
670916
439558
538896
394004
336034
700101
49057
204419
564695
468328
353765
493235
787528
720948
741969
888260
400779
32188
695827
975792
72406
297418
638569
97730
233442
318479
922009
947748
667022
635716
770346
322863
743530
67455
895429
75484
388282
160111
880391
134472
791830
182097
870951
19991
931604
364383
330958
193450
622159
173382
70222
997666
852428
879167
336371
966622
934729
500958
303350
792337
605939
832914
927974
462309
102936
828598
538895
752016
931599
139736
346256
965097
902233
428966
156646
137401
377614
57746
281752
536903
348965
303440
995950
487425
908581
500236
260755
443672
168240
517057
179041
385368
446160
203610
334052
439383
163596
813751
288827
279603
28783
145091
437371
355988
557849
747411
227088
235974
34800
395294
577812
604080
359915
173646
376868
449738
310255
859061
779549
466289
742921
93070
596232
522073
178510
31688
848939
652519
325992
573877
889741
511088
882875
306230
897855
232887
286092
764271
301492
978433
353066
446200
304871
593540
338116
9245
912720
384560
208047
770858
275620
705945
375609
526335
99820
469474
196415
131271
519404
889424
272337
149455
266278
859453
720919
832967
690117
673967
505082
447968
833011
543511
760510
600232
371217
515879
922328
920219
941987
352232
803879
138464
499534
377070
187222
885880
996736
483054
959030
35034
465582
32946
450077
940802
186976
652443
709006
568587
509883
585927
281584
826857
915318
702464
707746
450750
534432
933808
950392
806605
433196
584149
206131
776746
730923
190072
701866
564485
223954
62498
249301
726292
749831
950356
116688
746422
831160
73749
267134
955593
936963
184573
396201
188032
845042
592359
161143
830757
562857
262226
834789
880242
967739
658514
587563
406778
711242
650904
857243
622693
315236
781800
549468
212317
462716
346523
341786
293208
316058
57920
147468
465395
193735
193587
58793
399357
827805
787493
202874
660706
327130
592357
423041
239763
433156
854779
673591
602008
286923
577374
727358
452154
197390
632458
929199
173299
363231
542759
540818
287897
561148
689962
573324
650506
839002
724416
118165
85199
122529
845503
677534
193068
614687
75239
145486
482051
878031
315693
943278
698693
721525
534469
275288
702697
665984
83582
319589
910734
910362
869903
899004
633906
761965
907100
62706
816283
586998
269248
223881
495659
698156
466479
523210
814225
457765
235367
152930
403223
652890
573122
163407
129465
534493
107059
417013
837677
689430
417966
664238
62870
577958
340463
839619
648287
298634
489645
842905
641115
413493
260141
986036
480437
631164
314884
163921
589172
728821
871996
776981
58940
359741
438898
746575
769002
993282
138178
596247
92729
406300
171610
529216
728483
782712
391905
476759
170934
572812
995116
413105
480470
417783
909225
586202
940661
289798
578743
301653
388312
400370
669140
960033
10963
927098
913881
567663
163082
561658
634534
878490
703186
621080
978920
555854
722643
21927
978522
731949
478357
732341
533838
556248
694807
675322
202728
578397
526638
949127
131081
144416
494772
151380
786044
582502
138602
287005
837596
250236
282910
676535
554964
487301
956138
285845
962650
809420
119156
272024
397284
586592
451278
459943
932429
249180
122111
916111
299426
91935
294524
837070
269009
968346
399277
48002
547065
541487
573234
263331
578022
49338
686629
317294
90147
805986
6925
160171
343736
27816
378345
286666
667079
713075
342895
492751
791179
517565
43334
793290
701705
376123
238108
774260
948896
988405
7887
165023
844678
474160
815625
369749
225293
77909
922214
78489
724289
334443
393748
723122
239855
349688
719792
403819
681987
312281
972948
553032
276415
205325
12259
306958
252614
810583
440436
85241
953458
528333
161528
689488
36241
810198
258464
352006
196994
806161
482058
823857
360106
891206
837060
605946
487357
778448
728855
389117
689228
941797
567818
843874
99450
959296
378925
190915
524692
31761
483520
586113
772985
998034
989611
275511
372031
143892
529354
972514
78504
365729
937947
706944
553753
950594
823048
336543
895447
466571
331365
356193
99730
791055
450981
902960
519522
275394
90351
927655
728380
851377
391862
692959
435272
786375
704484
673445
844683
835457
606779
346780
128884
208210
987049
868620
157679
3618
849838
743337
927181
532509
149885
43936
844759
324918
326688
388098
78785
973159
71347
392849
41609
707307
219289
312569
86882
337895
978944
264284
559615
416240
80877
633815
268381
60940
154509
109886
432332
118768
328251
630589
68293
631485
499705
724117
882132
142996
99839
502174
907689
532491
682255
67193
356460
728294
118748
989704
231788
621514
